74 58 74 15
18 75 66 38
94 72 77 94
51 99 95 18
24 22 41 76
52 21 16 14
15 60 18 43
61 95 61 23
80 26 20 59
67 40 46 24
33 82 90 99
42 15 89 33
57 32 93 98
76 90 89 14
97 36 62 27
46 63 68 62
81 23 38 10
36 43 96 42
12 68 38 24
25 11 98 31
84 88 22 82
27 63 82 19
49 79 29 86
39 53 16 61
66 76 56 36
25 32 42 41
61 34 23 28
56 84 25 10
91 20 93 26
39 16 54 14
38 95 97 29
28 96 26 67
60 22 58 51
52 66 40 84
35 37 46 54
12 50 68 37
33 75 71 21
29 86 11 99
49 73 62 69
88 93 18 94
92 62 88 79
70 63 20 49
40 80 83 39
50 54 71 96
70 55 53 10
12 43 86 15
35 71 13 13
72 47 69 16
25 16 85 13
46 87 79 42
41 34 64 25
52 13 32 89
32 30 50 59
58 78 59 30
45 67 65 37
17 32 85 77
33 78 31 80
98 88 33 83
92 53 83 87
43 79 34 58
73 39 10 89
93 27 64 36
28 81 27 81
44 56 85 20
45 20 52 17
37 29 46 45
83 51 22 63
51 38 91 37
95 19 12 94
15 31 50 70
21 34 60 69
65 31 48 65
11 29 55 24
47 19 49 81
48 40 77 74
13 82 34 18
99 14 60 11
86 30 22 14
35 77 26 47
72 73 87 28
75 64 30 41
45 44 19 45
47 98 21 19
55 36 23 42
11 64 53 17
48 28 72 67
44 21 40 56
97 68 70 48
76 43 30 90
27 71 31 23
75 57 69 24
84 26 92 55
44 12 44 74
39 78 73 35
78 90 85 41
80 65 35 17
87 91 97 57
17 92 66 59
91 54 57 96
