7053 1006 1008 1002
1001 1000 1006 1002
1004 1003 1006 3535
1003 1003 1002 6031
1005 1003 1004 1003
1007 1002 1006 1003
1003 1007 1007 1004
1005 1003 1004 1000
1000 1005 1000 1003
1003 1009 1008 1005
1008 1002 1002 1000
1001 1000 1004 1004
1008 1004 1000 1003
1000 1004 1000 1008
3971 1008 1009 1004
1005 1004 1000 1007
1004 1006 1004 1001
6663 1000 1005 1004
1004 6919 1003 1001
1000 1002 1009 1009
1003 4159 1001 1006
1004 1000 1000 1009
1003 1001 1002 6854
1002 1009 1004 1009
1009 1000 1006 1000
1005 1008 6073 1000
1002 8569 1005 1005
1002 1009 1002 1006
1005 1001 1005 1003
1001 1006 6948 1005
1007 1006 7477 1009
1003 1002 1000 1000
1006 1006 1001 1007
1006 1009 1001 1009
1002 1004 6301 1004
1004 1006 1001 7145
1009 1006 1005 8651
1000 1002 1004 1004
1005 6316 1001 7813
1003 1007 1009 1005
1000 1000 1003 1007
1002 1006 1007 1009
1000 1008 1003 1004
3605 1006 4433 1003
1008 1007 1008 1004
1004 1003 1003 1007
1008 1008 1000 1007
1003 1000 1005 1007
1008 1003 1006 1001
2608 1006 1003 1000
