27681645
27367729
27795228
27571649
27071228
27468836
27504719
27645606
27430507
27868593
27373140
27453257
27073017
27604131
27094928
27578926
27612340
27389108
27586332
27810418
27966854
27614569
27217122
27169727
27967968
27956073
27978899
27619769
27170326
27690378
27909964
27254681
27170444
27423343
27569691
27004822
27272011
27856085
27926082
27142445
27917025
27960710
27027362
27290045
27070683
27592107
27173175
27525451
27451593
27750652
27780026
27355989
27024802
27185614
27187343
27134232
27581331
27376182
27496276
27273522
27224760
27141614
27639304
27221582
27656816
27769303
27334742
27500926
27157141
27423621
27548865
27979468
27897879
27640968
27523212
27485250
27060922
27343508
27274466
27650109
27926333
27224022
27525223
27606260
27047153
27925251
27624834
27750043
27465867
27016814
27841477
27989067
27343894
27300420
27061779
27012045
27508175
27750982
27129342
27718220
27064310
27460349
27328444
27081749
27435340
27312947
27027541
27064389
27164665
27706497
27216298
27394769
27748767
27332980
27471495
27342955
27223630
27873373
27873082
27995285
27081691
27560061
27471273
27558225
27656457
27265691
27495970
27458159
27435269
27073296
27745749
27154332
27818687
27382472
27360942
27587698
27462345
27529861
27186245
27556027
27663415
27406035
27109055
27916905
27967577
27615814
27126612
27564968
27861672
27469374
27718947
27303130
27124262
27955595
27183859
27945541
27022046
27958815
27457276
27096527
27621520
27455580
27327082
27737943
27765226
27414456
27788266
27930043
27620104
27710910
27083475
27785594
27813936
27060133
27440431
27576941
27342508
27647847
27880333
27014020
27174625
27778330
27104667
27371089
27889483
27541698
27706840
27095755
27463637
27471960
27663168
27674695
27323080
27238213
27402951
27162254
27627720
27726822
27178797
27258158
27092928
27041279
27239522
27134454
27867436
27654917
27689101
27958765
27201211
27379012
27032487
27399488
27156377
27786426
27164826
27677520
27315652
27406584
27270369
27610118
27808028
27399105
27070402
27008389
27063649
27606014
27676099
27360267
27728098
27841579
27262489
27517670
27363114
27980601
27930953
27998852
27723363
27144826
27100710
27582838
27486577
27174702
27078286
27222170
27021014
27570534
27340466
27238045
27819871
27426714
27696163
27677610
27605053
27086141
27407756
27927637
27144156
27882827
27540531
27716225
27695430
27822978
27241105
27503345
27355827
27368901
27889482
27670684
27419802
27511403
27840619
27913785
27439399
27522317
27003710
27738492
27582599
27526521
27489873
27764223
27053917
27704772
27117505
27202860
27100300
27996477
27415054
27179374
27175981
27091845
27837164
27631797
27516896
27728544
27201869
27311373
27629567
27680978
27855120
27307966
27460123
27784698
27880814
27040372
27676578
27328103
27063269
27819373
27350461
27848621
27058418
27920267
27124822
27629839
27011209
27591855
27220851
27865152
27742649
27312206
27742317
27613448
27568063
27715818
27275469
27385189
27961466
27692094
27979978
27944515
27073843
27503351
27671334
27395030
27931576
27772357
27631281
27359435
27756117
27041628
27169787
27158558
27556919
27128158
27763693
27248351
27136864
27209167
27452749
27207142
27661804
27947341
27907745
27006615
27806476
27676548
27792099
27245510
27196353
27588825
27047091
27946343
27452185
27594303
27963999
27283745
27666236
27845307
27019734
27165467
27012722
27857383
27384543
27780217
27365648
27292355
27657939
27493677
27405915
27083444
27396480
27488417
27179536
27443978
27630167
27536810
27453549
27588147
27270858
27510493
27549813
27992440
27300647
27283267
27422684
27721723
27005097
27696174
27593756
27773304
27370750
27811916
27456027
27135630
27544005
27892338
27893941
27522572
27376549
27451863
27702968
27377086
27269206
27794156
27444620
27886899
27924229
27118218
27337968
27450739
27177525
27947691
27316836
27967167
27017437
27591424
27197986
27885044
27187376
27005051
27107285
27342493
27148689
27311293
27689666
27090190
27678095
27158277
27908355
27473574
27324469
27677685
27212370
27295417
27921869
27756728
27616052
27051030
27173993
27154036
27996422
27667086
27934153
27627307
27967165
27684950
27255179
27403202
27113083
27064369
27568428
27716310
27216731
27759142
27822165
27109714
27733959
27763020
27102282
27315318
27592338
27685418
27236510
27703779
27574840
27965194
27578308
27581194
27585976
27811707
27478782
27975514
27069067
27971496
27143447
27479542
27481515
27357280
27158817
27134114
27050053
27872882
27089413
27035684
27892092
27165717
27526669
27496698
27463059
27461498
