8056
3767
5388
2408
2489
2504
8501
8001
1769
8988
9781
6993
2340
1913
5975
5932
6572
2996
8883
2882
7108
7330
9716
1450
6065
4859
3911
5306
5008
5087
2590
9457
4654
2082
2054
2729
4908
9073
1135
6969
1749
4525
9700
8810
6327
2092
2710
8238
5660
1418
3514
9530
2695
3318
1809
6937
2252
8176
6979
8980
4790
8015
1828
1081
9751
5662
5653
2414
4887
8679
2137
4714
6041
1330
3797
4783
1006
8062
1395
5931
3074
6574
4657
7482
5983
6317
7543
2014
2107
2722
1065
6637
9935
1320
5721
1933
9327
2232
6115
3923
1578
2790
4109
8400
7334
2383
4251
8374
9426
8550
7544
2282
4978
6862
4120
8651
5830
8646
7755
3572
7572
7696
7265
8295
8646
3740
2246
4293
8175
1163
5401
7692
5547
2849
4036
5415
8214
4296
9316
5169
3044
3195
3365
1428
8289
1192
6172
1132
9461
7397
7880
2798
3462
6239
9851
7537
5458
7138
1619
6225
6908
5584
5152
7226
9411
3366
9685
7173
2684
7709
5887
4739
1264
2156
7276
7951
7627
9344
1126
2485
8066
1628
4614
8420
9037
5232
5427
4475
8027
1323
6667
6239
6818
7344
3608
8264
2478
3369
8056
1922